% 92000103073 - Raj Chhadia
c = [7;  8;  9;  10; 11]