% 92000103073 - Raj Chhadia
a = [ 10 12 23 ; 14 8 6; 27 8 9]
b = a'