% 92000103073 - Raj Chhadia
a = [ 10 2 3 ; 4 5 6; 7 8 9];
b = [ 7 5 6 ; 5 6 7; 9 8 7];
c = a / b
d = a \ b